59656
80
42578
32105
59718
8799
45034
36034
39201
38868
43319
41761
37401
54441
3128
48825
51556
57957
49439
54059
48298
56357
50400
53797
58535
55413
54616
59427
32758
34758
53281
47210
41557
46105
59388
46123
45860
42209
35696
61975
44130
48409
46771
49974
48871
32212
57233
41107
53208
36853
36549
57147
58431
30377
55849
35671
44596
8080
51212
57374
42861
51063
53521
40294
38852
30754
53616
32231
58770
23500
46798
48040
3128
53578
36342
50949
61158
38184
59901
53281
58688
53717
8080
30469
3128
49215
49087
48574
45961
60816
46363
61568
36127
48642
48017
80
32077
43158
40350
36696
30348
8080
52327
41536
55102
8080
8080
43854
31369
36084
54519
60971
53281
30110
46705
34518
48938
80
80
31629
56564
54321
53281
56551
59848
39874
8080
33442
8080
41258
61019
38105
54294
44547
40408
40248
41865
44551
60170
80
8080
8081
8080
8888
57605
32662
58712
45025
8080
37202
33277
51120
55695
53002
61762
53127
55013
8080
57834
57478
40011
53281
31131
30113
61516
38746
35512
34495
40086
56666
50813
46687
33859
61395
53656
53281
23500
60029
60600
53746
31104
60236
31306
33772
41258
49316
54375
34758
54745
51499
53281
37661
38616
39007
40806
52519
53281
8080
53281
35633
36127
43667
3128
56906
8888
52836
52823
41258
37666
8888
57680
40077
53281
8888
53281
54321
34501
33620
32361
57276
8888
43075
53281
56957
30315
37434
37582
61626
59250
8080
21231
39851
35121
53281
36542
60802
53872
42624
47400
36881
45124
42104
35744
8080
48864
34014
48730
52536
32333
8888
3128
3128
48408
52630
44402
37388
8080
53281
8080
8080
8080
41002
55241
48222
52857
48660
60853
56186
47296
55399
8080
45654
45138
30993
30112
38870
61944
8080
53801
41960
45037
31288
8888
31736
51784
23500
32422
8080
41258
60685
44666
44114
54321
32464
32120
44557
32866
53695
60606
3128
32365
53993
49055
49461
8888
8080
40964
41258
46948
31390
50618
8080
8080
50161
34286
52507
80
3128
3128
21776
53059
8080
54475
32043
35608
8080
23500
53281
33281
51350
57007
50868
53175
42919
8080
32399
38137
10010
8080
49606
45276
47364
38431
43514
23500
30559
36522
39691
53363
53129
32231
34424
55984
34707
56572
43404
8080
52751
39416
34118
60142
8080
55778
59377
8080
39645
3128
8080
40017
3128
48849
43999
443
46589
49729
8080
37647
8080
50484
54870
8080
32231
48799
40824
44728
45771
54321
35140
32129
54492
44135
52781
46007
59443
8888
53281
3128
42788
54049
53281
36147
36127
49725
30660
44273
41393
46949
55594
36127
39958
33538
3128
57826
88
56912
51994
50078
30394
42784
8080
3128
8080
55827
8080
35688
61919
52028
31478
39401
32032
36127
31364
8088
32244
36127
35317
38409
53779
8080
40803
34825
8080
54273
50948
36255
47812
32947
21776
42293
53281
33793
57874
30270
8195
32543
59274
35062
51632
31449
8080
443
45130
54812
17385
57386
36127
39974
50600
8080
48394
47377
59745
48733
39570
35251
8080
3128
41192
32096
47399
35193
1448
8888
35278
21231
53281
57799
53281
54853
51085
46694
3128
56262
45975
50600
9999
57056
55036
8080
43895
8080
47173
38400
58362
31213
57781
8080
35710
37732
54335
39040
34784
8080
30992
8888
34519
39460
31576
51975
41744
8080
58531
51344
55441
8080
36618
51191
53189
40408
39198
58816
45594
32978
33786
33650
30402
32665
48632
51672
48220
41185
44364
57603
38056
55343
8080
8080
59693
53281
8081
38323
32559
31735
8080
48530
45903
55462
3128
8888
37950
8080
48538
53281
54804
36915
20183
53281
54321
53966
8080
8080
51203
8080
47253
59554
53281
36127
58821
8080
33820
3128
8080
8080
30009
23500
55666
57604
40766
56262
32855
36496
8080
808
35494
1448
54321
6666
40632
8080
34636
31107
8080
35127
55836
31077
36786
31914
8088
50024
57773
59126
8080
31976
52198
50650
51732
54321
50351
55580
80
8888
44313
3128
49171
53281
34199
30137
38428
41258
32231
55645
8080
36127
32231
47312
23500
80
80
53388
44452
58435
32483
80
3128
39848
3128
34609
8080
47660
80
42219
33365
49811
3128
36006
36114
34753
3128
46544
56276
3128
53281
35304
50870
30716
39512
35896
38358
55194
8080
8888
48700
47162
20183
33587
41554
43279
8081
40318
47856
32231
49372
51798
59914
8888
30997
56628
50850
33570
51902
34253
8080
37241
35118
8888
8080
33641
31874
3128
46133
59605
46250
42638
41258
32231
39991
32431
43798
38024
47566
39955
56686
8080
23500
49538
34012
35098
6666
8888
50817
51553
36140
21231
52242
43515
32881
45033
56583
53281
59929
31938
3128
8080
53376
34754
51146
53281
49066
49947
47108
47296
41115
39972
60684
37517
31658
48200
61805
34095
8080
23500
60308
61075
58467
47387
36127
53281
41258
57925
8080
8080
32421
47734
52127
53281
54345
8799
53281
57197
53753
43052
36127
44823
52384
48379
45152
44058
31422
56848
6666
41258
53281
58148
8080
33723
80
59525
50711
55333
38368
52212
54619
35166
53670
55689
8080
8080
38070
46530
37801
37044
53281
33775
8081
80
33348
54321
35567
36752
38359
53517
61310
31962
8080
61304
80
30661
36463
61345
61890
8080
43779
35333
59339
51223
50047
53281
8088
8080
39227
33959
38137
51240
8080
8888
54737
56299
30239
53281
30764
53095
59615
35679
55637
49815
53281
44758
39563
31611
34532
43457
54321
8080
8080
8080
40430
42820
53467
55911
49169
49673
39619
30055
46419
8080
34027
60220
80
58728
41258
55640
51532
53281
44194
50060
8080
3128
8080
80
40086
33654
41258
39855
33005
50395
8080
48916
60334
35340
34304
30916
37321
43771
3128
32231
8080
30760
30688
9001
3128
3128
41258
48596
8080
47832
34051
80
8080
47974
48771
49215
61952
37466
48605
36053
35537
44929
52462
56832
44701
47500
53281
20183
8888
51655
43751
42929
40956
31293
32231
53281
55194
44849
8080
8080
53281
47507
37684
38948
49119
8080
54281
54268
8080
44788
61585
8080
57467
37471
49170
33922
8888
30174
8080
8080
36127
8080
61559
49183
8080
40202
48731
42985
58282
8080
55951
59937
43021
53281
38063
60358
43018
31881
37261
58536
61352
54301
21776
48376
53270
48942
46731
33294
21231
37361
50930
52529
59366
23500
8888
46887
42308
59444
20183
42701
53281
80
8080
50726
41258
33659
8888
8080
21213
56542
3128
43159
30800
44807
54321
9999
42221
8080
59005
31261
42830
44179
39684
37974
39304
44030
39238
51603
37767
40151
31191
34661
55419
49691
8080
31310
80
50264
46378
44101
3128
53102
3128
3128
43545
21231
35621
50850
53319
3128
59948
37567
33190
35256
60493
37396
58751
57654
8080
61604
44586
58203
36472
59812
46352
8080
8080
54552
80
50386
39162
56010
33079
42283
33455
56868
41258
52287
42989
37638
42573
53281
8888
80
42115
8080
40318
80
40309
34568
45470
54214
58984
20183
32464
56018
45838
50079
80
52707
54869
8888
41869
58919
56425
42077
42337
8080
53994
53004
54635
47489
6666
8080
40180
61405
55092
8080
53281
30213
54884
51216
8080
8888
51570
8888
47826
48550
30416
32202
57497
40087
53376
57382
37587
36354
43924
54059
40006
51751
30696
34742
30247
47081
37359
59077
40601
31091
38067
41258
58981
3128
50431
80
42854
53281
31500
9090
40614
53281
39562
55274
40854
46905
46409
43192
3355
8080
34490
8044
31829
55266
34667
8080
34182
59063
39108
808
53281
49523
51026
30051
8080
52672
59463
60285
3128
53519
34334
38372
37969
50898
36616
23500
47808
43380
41480
30548
47047
30827
8888
50926
8080
39234
32928
57542
54622
60837
33316
8080
54015
30706
8080
20183
43465
8888
58331
8888
42264
8888
45312
49110
53152
61958
54321
46263
48719
54221
47555
34719
54321
8888
49627
49389
53281
8080
33386
45411
34668
30409
55911
32919
8080
8080
8888
45411
43122
8080
8080
59092
36658
8080
49346
32063
53913
3128
41258
33490
50997
39720
43301
37923
38063
49944
8080
8080
38478
8080
48998
8080
35201
3128
8080
47574
3128
47135
51991
53175
45859
8080
35352
51780
40737
32894
30504
38248
57494
38846
8080
60307
52370
8080
32993
49683
808
32539
37312
32725
37582
36622
59809
32063
8080
55207
53281
48991
54321
56454
32777
30712
56271
49400
8080
32060
61966
58155
52752
8888
57562
36854
42932
36127
8080
34551
53281
80
57053
3128
31536
35880
46337
41186
61377
53169
8888
38960
48695
8090
42408
31859
50973
8080
43797
43036
53682
80
54063
47285
40148
30806
55329
30142
8080
51000
36494
57668
8080
52724
50765
43989
38461
31678
3128
36126
35275
53571
53281
34998
3128
37589
57946
52178
56278
43847
54321
60760
53449
55193
33640
34945
39897
37110
8080
53281
8080
51877
8888
53281
50843
21776
41232
44936
61444
8080
8080
39743
49353
41505
59896
31569
37684
20183
31557
47887
42237
47179
8080
46836
51856
8080
8080
57918
36551
58061
50090
8080
53281
42050
51960
36363
38914
8080
31739
8080
40939
53281
60432
3128
36607
52424
35202
55934
43249
53281
43437
46865
61344
39466
31226
52779
39312
51712
8080
60597
8080
8080
3128
53343
32609
8080
8080
47697
20183
56627
46090
33194
40645
38973
56718
43182
42830
8080
8888
36285
8080
80
49688
43170
56166
8888
8080
56147
8080
57826
49474
54576
58706
31092
44545
3128
50932
40289
51510
53281
35433
53281
36974
8080
52345
8181
35199
20183
34671
53831
47525
52633
37802
36127
32387
3128
59147
53281
32272
23500
51417
44712
8080
33089
49062
8080
45865
8080
51251
33047
42279
45842
41553
46825
1448
80
53281
43863
32573
53281
8080
8080
35044
31248
31377
34106
43703
8888
40969
59837
49912
50076
42579
50790
48310
80
32231
40272
60083
51937
39288
8888
20183
43141
35219
54017
36725
49624
32231
55177
41590
3128
53281
58015
33313
8080
53098
32388
53774
54321
51457
8080
38275
8080
50018
54321
47951
8080
21231
30815
34481
40188
45196
53281
4444
80
35742
8080
35966
44366
49687
37903
8080
52139
8080
58439
53281
34783
47552
38678
8080
30841
3128
8888
46077
33447
39332
58554
38496
34394
36624
49880
61764
65205
55937
53281
61114
8080
54704
61197
41809
49326
8080
56881
43865
58880
33389
38654
59222
21231
34998
50871
32231
44325
53281
56222
31178
60893
59237
8080
38985
8195
61352
41258
8080
8080
42413
52833
37330
46519
80
8080
34079
55643
41924
36936
3128
52329
3128
35694
48172
33187
57193
8080
36908
49438
8080
33722
8888
58658
8888
53785
54321
60336
808
46604
33658
38797
59608
53281
60167
48864
51035
8080
8888
33347
55755
3128
8080
8080
2016
47287
57471
41174
8080
47695
30004
8080
44315
45550
57305
58086
61031
46796
47142
42632
37921
57010
37461
23500
41751
40413
3128
37986
43599
8080
35558
53281
41890
56887
35194
37637
3128
8080
41405
41599
80
46854
33879
32733
37919
57362
59178
37840
8080
31473
37718
8080
53281
53281
48757
34597
45171
37180
56654
31756
53281
32231
52177
8080
58160
56773
53281
40644
43545
3128
53352
3128
39529
34063
54321
35482
30722
36127
51451
53281
8080
36892
47488
36135
54321
36016
41258
34462
3128
8888
38612
8080
43152
10010
8888
50839
60942
47418
36937
53281
33342
9090
61205
53121
55902
53281
55093
39903
38258
59692
40710
58133
8080
44303
35526
46690
30149
55770
3128
48353
41064
39472
32825
8080
43868
38616
42035
80
34494
44559
48439
38509
53281
45676
53339
53281
52980
59064
8080
30883
54607
53281
49898
8080
53281
60441
34338
57344
58609
45080
80
49966
3128
60207
30954
3128
47648
80
57400
61039
4550
9999
42852
52658
50814
53095
35398
40824
8080
41062
47455
57987
51004
59859
61020
37414
36127
32431
80
44825
8080
42064
8080
60706
35451
8080
8080
40590
53257
45359
23500
34840
8080
36753
8080
48956
52853
8080
61752
61662
57759
56718
8080
53030
61752
41258
8080
34110
53982
40700
43450
54321
53281
8000
53281
61357
49800
34642
57389
49524
55007
35817
52944
30770
55680
8888
33284
38827
20183
56503
53281
36471
8080
8080
8181
53962
8080
57688
43564
8090
53219
49114
61888
53955
51380
46394
32669
35090
46102
3128
55501
44945
38765
60412
21231
56016
52723
65103
45869
42321
20183
51355
8080
61188
8080
60417
54568
55904
8080
47049
32733
47628
56123
44364
48548
38537
41725
49888
8080
46344
8080
33705
34498
38371
43216
41866
38661
8080
53281
8080
44454
53281
30317
8080
45155
46467
38903
33708
8080
47430
3128
34511
31706
59742
39464
20183
47826
30798
35568
45235
21231
33294
52544
8080
54409
32542
53281
80
58895
52852
45682
44794
57001
3128
48198
45088
8080
8080
40941
30739
23500
41258
60040
36127
36188
61791
53281
48639
8080
8080
57539
8080
8080
8080
3128
8080
3128
48079
34132
3128
55656
8080
61702
45754
34704
50246
53281
8080
61772
41483
61035
61902
61969
42448
6666
8080
31347
49942
45605
31722
41258
49361
56430
45886
48651
30148
49378
32628
35381
36706
46589
8080
35303
39408
61509
8010
30092
30059
38675
41258
45339
38006
53281
59934
44986
53281
8080
43779
50094
46694
56661
49103
60356
34543
58353
8080
33465
53810
57100
8080
52255
43862
32117
51167
44449
45471
44388
8080
80
56154
53281
80
58119
47401
36669
8080
35785
54321
60385
8080
46552
37591
8888
58434
52015
3128
39537
39966
53514
55547
53437
56005
8080
36224
50716
57586
44534
8080
40668
35386
41983
54583
47377
39530
45238
8080
60121
49229
8080
8080
44595
50486
59140
59449
8080
55757
50787
45568
37375
37115
43055
59597
34085
8080
45693
53949
40088
53186
59728
58899
53281
20183
54086
33116
35679
8080
58300
8080
53562
49693
32765
8080
8080
56643
53281
35497
46783
8080
8888
33653
8080
47973
34933
3130
8080
47329
8888
40652
41893
30073
44424
20183
59497
47348
54989
54687
38844
41344
49178
8080
44996
53281
51380
42638
32217
40301
46904
31422
51062
1448
20183
53919
35189
46075
56500
54321
48580
8080
30373
59359
8888
4550
43338
31574
55121
8080
8080
43058
3128
45050
8080
57258
80
37446
8888
41157
44868
38931
32231
49048
37359
44705
65103
44203
58011
48251
39850
36406
44900
44970
39410
32105
49793
52376
41258
80
8080
52667
50741
30412
23500
47097
34965
8080
8080
48369
20183
48516
8080
42512
8080
53281
53221
44025
35081
53273
32707
8080
40968
60710
8080
51000
45898
41089
43011
35251
41621
47247
50849
53281
53281
42283
3128
37645
56329
55422
8888
8080
42693
41631
8080
56740
48875
54983
47924
34135
8080
51904
45897
37249
38858
41964
46656
41044
8080
33675
42312
46972
56178
57280
54305
58144
80
32231
41776
34725
39102
56952
3128
30419
54320
44736
48165
44792
8080
59899
54435
48749
35403
56960
60660
3128
21213
55209
3128
47532
53211
61510
30172
38995
53281
8888
8080
8888
50729
55199
41907
45910
51889
3128
46519
53281
41740
8080
8080
37550
3128
46709
8080
3128
8080
53116
50537
8080
39772
60407
8080
37738
44154
8888
3000
60311
60057
43100
32231
54511
42699
39082
59684
58998
59498
50000
61492
47771
59018
48233
39528
3128
38684
8080
31452
8080
43710
50238
53680
56842
31905
60787
47446
39291
55414
45154
30337
8080
8080
51984
45028
8080
55480
8080
41258
8080
33509
37160
35546
50007
49001
3128
53281
49453
46379
51493
59187
8080
51669
8080
39256
57202
61211
8080
53281
48128
8080
49178
55814
51121
50174
51741
50499
8080
36389
46813
8080
35733
54493
8080
8080
8080
36676
8080
49662
30151
60454
21231
59408
3128
20183
8080
57080
37876
8888
808
57215
30345
8888
35521
44205
3128
8080
44322
45644
44879
61781
47439
8080
35098
33148
8080
49886
39526
8080
48401
8080
3128
80
31932
57655
53281
55956
34077
49368
49196
3128
8080
53430
808
40067
8080
42646
57511
41019
47857
49005
80
49603
8888
8080
41258
30777
8080
53281
53619
44975
56336
54374
8080
8080
57884
59567
41278
46697
34872
40997
36136
45898
48783
37777
51235
50213
41369
8080
32324
8080
30698
36127
60168
42471
36938
40471
39118
49610
51802
43583
56997
48912
3128
45786
8080
51433
59010
53281
34173
53281
55188
58180
60728
53281
37335
46849
35470
59638
37453
41241
80
3128
8888
46431
38129
65301
33192
8010
42055
38592
8080
43086
55205
30198
32908
33147
51515
48372
8080
61533
59818
54321
49784
52022
47425
43502
50600
53574
56776
50602
39524
61268
45025
21231
57621
59539
8080
31048
36242
36212
54989
46785
34097
23500
8123
58742
46123
51430
8080
61566
41508
57007
38577
53281
8080
44929
3128
33193
32005
39957
43267
8080
53281
65301
8888
44700
49512
55547
34198
47036
47371
21776
23500
50640
53376
8080
59305
40629
31767
44478
58970
60690
42540
49308
80
32035
37385
80
49388
51318
8080
46664
41799
8888
3128
56508
20183
47174
58841
8080
37645
32006
44269
32686
3128
60415
8888
8080
35994
34016
49874
8080
8080
30901
56327
44707
33794
8080
40503
47185
46300
51847
53281
59691
44262
37393
44521
48678
59379
54770
49773
30529
56551
49913
42982
8080
61433
51119
60307
57020
32232
80
61296
58298
53281
8080
41836
54321
54391
47820
57720
47644
8080
8080
8888
56446
39419
54505
89
88
41844
50042
46484
40266
56098
55622
45100
53281
34085
41602
53281
8080
41633
43301
30822
47279
56913
8888
8888
8080
58373
8080
8118
9999
33765
49481
8080
82
55548
38315
37856
3128
21776
50007
53281
30543
3128
3128
36020
37108
59271
30232
50486
49572
41985
34487
58359
59570
80
55566
52375
8080
43893
52137
9090
80
21776
8080
51144
21776
58462
57718
51191
3128
53281
23500
41368
30069
59690
60599
8080
32567
49859
60790
8080
55596
44651
44216
52104
42172
41041
52198
20183
59594
61212
8080
23500
55649
44637
45931
38247
44907
32184
35104
32159
8080
8080
8080
52319
31100
45879
53281
8080
8080
53281
61819
38693
56314
34582
3128
8080
33655
80
8080
53803
54871
38354
60482
51498
36021
53281
38290
53281
51767
40557
47261
51326
55134
52051
49986
61374
32534
50710
55515
43944
53993
48078
36079
3128
33755
36712
3128
57326
50426
48057
8080
59724
41765
57520
4550
41507
35006
51021
36945
61932
59267
56900
61188
8080
33125
60689
30166
61277
31779
54861
52411
48401
54118
40903
60728
80
59859
8080
55875
34028
38495
41609
47227
35926
49613
8080
8080
38917
20183
58387
23500
38975
45584
49507
55171
31387
80
21213
51197
53281
34556
56340
34850
59371
53785
42644
35352
61955
44471
10010
36965
30878
8080
3128
45293
8090
60932
55179
44083
51808
40560
53157
41498
52252
33283
3128
53939
45628
37253
51038
53281
58343
55857
80
48902
32375
53281
37493
48463
3128
47116
4444
51086
59137
23500
51365
8080
33620
59977
8888
41241
3128
36524
61841
46262
48098
8080
47455
53281
58439
35884
53281
31170
45580
44453
8888
31459
52890
47196
45428
45706
8080
49270
53881
41258
52134
42596
53281
53875
52688
53544
36133
8080
8080
8888
50501
46694
8080
56103
37342
32509
8080
36176
8080
8080
55290
46528
56353
3128
53281
8080
37983
43990
40048
34254
49725
8888
54799
34348
51349
80
3128
38476
48588
54777
23500
54465
61016
49815
31765
42223
52939
8080
54306
49817
58733
59822
53281
50014
50827
3128
35023
60130
8080
35840
59654
57696
48909
38472
8080
23500
38075
59784
54073
54058
30726
30924
35040
56104
8080
54597
58822
58213
38523
60977
57931
35506
51224
3128
42078
52680
51046
8080
36876
38366
32997
8080
43769
53727
46833
57404
43039
41766
8080
53281
8081
8080
8080
31076
49136
30725
59793
58724
43450
59653
47907
59392
3130
51737
30816
21231
35863
23500
39801
3128
51129
47317
51162
38101
35312
8080
36936
8080
54321
8080
41258
31001
53281
51529
8080
31590
55546
54572
58238
48350
52658
47599
3128
8888
30249
8080
38454
37532
33742
8081
60068
41457
38756
32920
55629
8080
48714
42542
50263
47507
52614
50262
61145
41361
8106
38577
32007
40411
44363
8195
53281
1234
33929
3128
35184
21776
57521
58630
45813
55260
59039
8080
8080
59796
9999
45346
51987
8080
50122
60533
41634
42547
53281
8080
8080
8080
44825
50039
33334
51636
47211
8080
59846
53281
47164
35079
36859
48007
57197
8080
42452
44576
56886
58397
33883
43020
54759
51680
35452
47737
41258
30425
38283
59509
54330
3128
45419
8080
36127
35963
53281
80
32007
40154
3128
34346
8080
53650
34578
36679
53436
4550
54826
53634
31224
54321
51152
80
60938
53842
53281
42259
57495
8080
57345
46519
40925
44384
31101
8080
50495
37949
42508
3128
37681
3128
92
57699
40709
52556
31192
8080
38534
41254
51786
37867
54882
47352
3128
10534
37441
58710
38122
41315
36338
54321
54375
37937
51205
54321
53328
31060
3128
41127
50776
3128
44807
3128
53281
55223
53281
8080
40122
33211
56555
54732
45545
8080
8080
3128
8080
56396
56272
20183
44664
53281
80
8080
8080
31371
35572
38752
51321
36375
53917
52043
3130
34998
46921
32231
46465
32231
8080
44551
51512
51652
58276
51338
54528
55691
54863
50607
8118
20183
38653
51745
53281
46842
8080
34586
35295
40716
54969
38316
8080
55248
52348
34344
8080
41102
38622
41258
8888
31820
45419
36568
53660
46694
56723
52058
40590
47132
38123
53281
8080
60810
32199
47208
45954
8080
38906
8888
53281
59338
3128
33303
52855
38416
3128
41137
48264
41169
53281
38182
47917
54624
43982
36630
57687
31039
50266
33507
38192
8080
53281
21213
40570
40896
59673
80
53531
43319
43646
8080
8080
32666
8080
57549
54523
50290
54309
36756
61808
42113
59872
33967
53281
3128
8080
45147
32231
8080
8080
56872
35451
44122
46267
60356
53281
8080
8080
50143
1448
55313
30728
8080
53961
31993
33440
48529
8888
3128
38361
52893
60136
33888
42349
46688
38651
47068
53281
53289
35685
55229
38153
39235
43036
8080
33089
47837
37214
32231
59117
57189
40690
30807
36820
48123
8080
3128
3128
47695
54072
54321
53281
61088
47275
55316
8888
54117
58344
55389
80
43661
30912
42192
8080
8080
53191
48706
56582
8080
41941
44419
8090
8080
36977
46689
37119
44409
32733
50436
41073
80
45211
45259
53281
61244
42173
53281
3128
37593
35019
34434
59523
31883
33344
34414
8888
57278
56315
45533
56800
58587
56081
80
35821
43510
61998
30196
40894
32229
57070
39444
47899
35582
40745
39265
35917
34606
8888
44082
36993
8080
36742
43793
3128
3128
34947
44407
12143
55401
50787
30890
34947
53638
37932
8080
41630
59978
50422
80
40420
8888
3128
55920
33572
53871
39304
20183
53281
52694
56952
3128
44983
30427
50101
80
53909
39793
39002
56469
8080
60185
36856
52360
49729
53281
36849
8888
60270
8080
57226
33488
56566
35493
57881
47372
43838
41508
54321
38992
55957
3128
50388
35748
51342
32661
8080
3128
32231
39276
53281
43305
41627
39171
52773
56615
44351
35149
53583
47872
58295
53579
8080
53281
38490
39488
45424
31922
30103
45386
38578
8080
35750
8888
53258
44193
8080
53281
30813
42739
56945
36281
8080
48132
31019
8081
41048
35184
8080
3128
8080
49669
84
55869
8080
31773
80
48008
53281
8123
48500
47436
56703
48302
20183
38745
41547
8085
53573
8888
47341
46447
53281
48840
56269
53281
39729
40163
8080
55558
40621
8080
8080
47997
51947
50853
8080
44658
51112
32238
41258
36744
8080
55622
8080
58574
8888
8888
47352
38116
40316
48682
42081
38864
43227
58543
8888
52542
55432
60649
37644
36064
56967
57889
43811
50371
53281
33628
50067
53281
36298
61891
8080
53056
30401
36612
53281
30832
44706
34624
45313
53281
8181
40080
53281
60812
8888
44780
8080
61000
53281
39401
61052
58548
47886
40077
46949
8080
32084
33532
53281
30891
80
54671
49328
54321
8080
53281
8080
53281
47377
30673
35376
35509
44009
45399
41691
8888
59420
40553
46487
58145
80
45024
42220
30930
52352
36183
6969
80
61095
8888
8080
54188
61526
39787
52755
37995
42201
40763
36413
20183
57771
52452
40973
33009
34184
48887
48847
35404
8080
52899
30510
40994
45187
35096
60515
8080
56964
36731
36114
30993
33874
8080
34720
58094
42529
55629
57460
59481
32231
47387
48105
48079
80
8133
8080
82
52604
44358
8181
49871
47356
52187
33968
8080
60544
51218
53884
40234
33681
44176
42161
8080
53281
45913
36267
52379
56392
54321
35102
46386
8080
37605
43297
58143
3128
59282
54621
49401
40640
46663
35387
54321
43833
30183
49756
48533
4550
43643
8080
8080
80
56405
57901
8080
40357
44880
31830
51461
43298
8080
48839
8080
40620
8118
48873
37798
38765
49526
56143
53607
53281
43993
8080
51569
8080
41258
38769
61770
35407
37639
33652
61308
59989
38998
3128
50566
48678
23500
3128
34004
56463
49260
8080
34603
37260
41919
42303
3128
44275
8888
34631
45107
38451
53689
34276
48113
41101
58582
55191
60152
20183
8080
31066
8080
31125
53281
38085
34691
80
53613
53765
9999
31885
45978
50019
8080
47824
59784
8080
45012
49857
30886
41606
49469
30255
36813
59026
34802
51136
47252
59541
34869
30334
8080
41258
56571
43079
80
3128
8080
43920
8080
40674
45946
56784
44774
8080
45715
48588
53281
8118
3128
61744
8080
37217
43414
58269
36693
43321
51207
41784
35350
47459
59621
31671
47696
40174
58037
23500
39669
58674
51034
54321
53281
8080
8080
8080
55331
80
45090
55897
53281
8118
8080
42195
50828
47913
41258
38069
58381
43693
31671
3128
80
43274
35279
8888
53281
34880
8080
45246
50185
55137
55895
43102
31629
61608
8080
34490
50565
45912
43717
47066
45310
59911
57524
8888
54321
60233
32957
30318
54328
50796
53281
8080
49272
50142
35897
31265
40574
56077
54690
3128
40007
48563
51124
42255
48022
20183
51939
44691
37069
80
54321
34334
40321
37141
3129
35592
53197
58148
61285
53281
56781
53281
50841
39963
41934
54321
41388
34224
35780
21213
50951
37006
47364
60971
39806
8080
59341
53281
45292
48138
56200
32231
52576
59679
56778
8080
35455
39712
36294
36184
44487
8080
35888
40723
3128
60444
32231
45794
41129
44277
8080
59361
57787
53537
50933
37280
32231
8080
8080
23500
37372
38333
49502
40995
8080
38147
20183
53201
33252
8888
49950
35663
30649
30792
8080
61977
35929
55469
43286
8080
3128
46334
59916
8080
50850
54201
23500
50152
8080
50310
40874
60033
57747
53281
55086
30144
8080
32871
31636
41258
8080
3128
50944
8080
50876
8080
47532
23500
56173
51618
55272
37708
61088
50306
80
48289
30658
8080
52584
54277
41892
49673
41258
49715
49376
49366
58314
57312
50521
55234
8080
8080
8080
32231
43570
53281
8080
54974
8080
36898
41258
31909
41258
3128
36968
23500
59998
8888
58709
8080
48122
51775
9999
53281
53281
60253
8080
36940
44053
34141
8080
38115
8888
53281
38442
47710
48221
3128
30615
8080
47845
50012
8080
32150
46413
59800
39839
47942
52572
61663
8080
58535
37685
42460
52544
52584
75
80
8181
41740
8080
8080
38585
54892
60156
57998
41766
53500
36127
3129
58029
44018
37409
3128
54894
52288
60660
56712
34077
46708
8888
32058
8888
8080
40058
41436
36127
3128
51954
8080
8080
43320
49896
38009
32024
6666
53281
21231
55247
30622
53281
52693
54321
8888
47478
40428
61448
3128
80
51540
41729
8080
43475
56774
8080
42873
54011
36866
59009
8888
60650
43672
37507
50555
80
8080
8888
38311
49093
8080
80
3128
55561
32042
4550
60943
37479
8080
31559
61111
41187
8080
41258
53281
53621
60491
8080
35820
45036
58273
58207
3128
54662
8080
55632
41258
43683
57625
36328
57104
8080
8080
42317
30449
43711
32231
8181
40962
60858
34254
53281
40869
52030
8080
34893
33703
47180
34701
53281
34733
41219
8080
31681
53281
39879
3128
56037
61970
49706
43631
47619
3128
53281
41258
47078
3128
55099
34729
39322
32827
57561
41258
61549
55828
20183
72
3128
39541
23500
50379
59611
31439
53281
38305
80
52911
3129
55672
33042
14996
54377
3128
54321
33951
46242
38900
31901
47562
12955
60186
53281
8888
55021
32313
33710
8080
20183
53281
3128
58997
45613
32424
45054
42781
36758
32738
37140
47652
51820
56421
41258
51955
8080
8080
9191
46757
43940
8080
3128
8080
61898
40612
36807
35138
56192
48523
36780
58512
51554
60506
34989
32161
53281
8000
36791
8080
8080
53150
43795
37286
47629
53281
36480
80
41525
58112
60848
52022
32996
8181
53297
47751
47598
8080
8080
35483
38825
8081
57983
8888
41886
8080
53281
43248
54881
53281
59855
34007
39133
34298
35568
46900
54321
35545
47533
38226
30280
3128
3128
33741
34356
20183
8080
61840
8080
49024
58749
8080
8888
51689
45599
51307
8080
35961
38258
37203
40541
8080
39090
8080
34541
53281
40398
30727
30993
61354
40562
45797
57432
48408
43548
52093
35804
61248
8080
31645
49485
57654
56784
30578
59850
60430
61515
42557
30165
51031
41309
37358
35915
53845
32282
45591
57633
43784
61251
8080
38696
43445
8080
8080
47104
8080
8080
38801
35418
36241
8888
58813
53152
8081
808
31355
51722
47627
32150
38718
3128
8888
50480
36336
45855
46871
23500
48957
3128
45170
48947
8888
32765
33743
33100
41357
40565
8081
60087
32639
3128
52168
49976
3128
40964
51310
44220
55963
21776
45096
41041
8080
8080
52061
8080
50407
8080
56529
8080
8080
52682
8080
30817
8080
8080
43880
30413
42216
33277
8080
50644
8080
8080
47117
61167
53913
50252
45752
49929
8080
60941
37543
32231
59763
45369
3128
32251
57405
60383
8080
48652
46779
41601
8080
48766
44898
8195
55064
41343
8080
33740
58165
8080
46101
8080
8080
49129
20183
53281
35863
34228
21231
43483
60754
33568
8080
44194
3128
23500
40062
8080
8080
58360
23500
36055
32726
43357
49823
58338
57849
39831
30268
53281
54691
60018
58378
80
30777
3128
51071
53281
61685
42701
60747
36177
42014
8080
35419
8080
51773
34910
54739
60003
61209
56449
46105
52235
32162
8080
47219
55824
56604
31773
51651
60842
34814
49624
8888
41859
39140
59067
8080
46589
34485
49114
35480
42178
56237
43955
32231
40326
38268
3128
54321
44726
51384
61936
8080
57158
60707
51691
32008
80
42998
3128
38831
43435
58664
3128
44692
41585
41557
34466
50850
31255
32224
58281
61645
34680
33009
52920
8888
80
8080
8080
60707
37416
31126
46923
30840
52343
80
44292
3128
3128
30768
51611
36847
53281
33296
42198
54465
61405
46437
42824
46709
46952
41370
50453
36766
35184
57870
42811
80
48144
37660
42960
34134
8888
53196
42444
32041
8080
8080
58208
41089
32034
8888
39879
42816
42819
8080
45918
44794
44637
32887
35660
52952
55769
55791
52742
31505
50149
40884
41535
3128
41496
9797
8080
8080
3128
45764
8888
8080
50178
55139
59776
8080
8080
45437
8080
47426
8080
8080
42172
57964
32201
53281
56142
21213
51082
53281
59449
56042
8080
8888
50123
43205
44679
54321
33350
36760
58610
40576
36089
8080
80
40962
3128
8080
41848
8080
35611
8080
8080
41816
8010
8080
23500
3128
51330
8118
8080
57774
52283
42647
54844
32326
8080
54800
20183
57395
54551
3128
49029
51309
55007
54224
58478
57268
34256
45638
56166
50337
53281
36213
8080
30085
8080
30353
30140
51118
32855
8080
56422
48686
41547
8888
37635
8080
41156
38007
33569
47219
8080
8888
59376
57943
42380
50740
55126
53210
41846
59681
55715
8888
39177
39292
54321
8080
39223
52576
60149
32231
52490
34347
52440
8080
53281
38583
53281
43752
8080
56520
31062
41258
47819
42499
55728
34301
50000
57612
53738
30329
46650
47622
8080
58894
8080
37034
46989
53281
53281
36482
53281
42625
43163
51654
30337
34689
37914
50892
60617
37138
45919
61158
31540
53281
35588
54844
8888
58374
41258
3128
39721
37450
60700
3128
54966
20183
55640
3128
55709
8888
30154
3128
80
8080
32531
55445
3128
8080
3128
54548
8080
31826
51700
57738
41258
8080
52743
43653
61105
37078
60189
3128
49849
30952
3128
57701
57080
39955
58948
53281
43557
8080
60829
59749
43750
47918
8195
45072
37370
3128
8080
36120
30612
32566
33210
39824
8080
30826
31823
34471
40296
49079
32648
3271
61959
49157
51441
48014
8888
40619
57564
8888
32781
54321
53281
50517
51857
53523
3128
8080
44401
46599
50686
37429
36777
45246
46004
40567
8080
48761
31184
3128
55567
37928
30967
52844
46332
8080
38951
49382
39081
35530
53281
47150
20183
40739
999
8080
60911
40137
41258
39949
41311
46998
54148
43368
30280
50238
57663
47186
37869
8484
8080
35438
20183
61800
61025
53281
33102
47787
47851
30218
59790
8080
42823
80
32043
56137
50481
46623
32873
47572
32730
41793
50171
35689
56973
54315
44703
46296
56730
8080
60276
36138
32431
49892
60955
41258
37202
36728
52147
9999
61514
8082
8080
8080
57552
59488
8080
46299
8888
38486
59657
46057
41628
3128
32182
21776
443
52427
23500
23500
46345
41258
42541
47658
56160
49215
35825
57999
23500
8080
47713
47704
59235
42953
47088
32572
8080
41258
21231
32911
23500
59824
8080
50937
21231
1080
36127
38386
52255
58527
50719
54321
52973
55646
50007
8080
52615
32011
8888
30555
58154
8888
60823
57230
41481
59177
45027
8080
37628
80
20183
53711
8080
41965
80
56155
37013
41548
43865
54360
8080
8080
34367
58211
41206
80
4550
43680
39710
52734
46448
49634
8080
61710
56919
49419
43306
33112
36398
41258
60570
48506
59966
53281
36898
80
33507
80
51203
8080
8080
30443
49618
30851
32224
8080
53281
53281
53281
58771
53281
8181
53463
30783
53281
56977
31262
8080
54321
36148
41258
58027
54170
54727
61789
57725
33148
34394
45223
53264
3128
41711
31534
42722
8080
8080
55526
53281
8080
3128
31819
52238
58282
8080
47374
38619
41971
8888
32653
53281
80
56400
35376
8080
54728
32431
8888
52481
51392
49852
8080
21776
45146
8080
3128
32850
60211
38834
59010
43149
52412
46304
58501
59016
20183
8080
34634
8888
46862
8080
43455
44626
8080
41790
46860
8080
51200
38368
3128
8080
61142
39735
8080
53281
54395
60496
8888
43932
45135
48242
23500
52204
58941
47677
60272
23500
49674
58422
45256
44549
49640
8888
51051
49043
46992
8080
8080
53281
35269
48339
55301
8080
36240
8195
44219
81
36863
38662
50023
42365
30359
20183
40953
8080
32595
47728
32799
50498
45441
37095
38466
55488
53281
59665
60304
80
41584
8080
32048
80
49037
46645
58452
48678
80
53612
49030
23500
42826
53281
61919
61236
53281
58739
48421
40269
48622
32092
53281
2
46613
8080
8080
38659
8080
47696
36812
49251
8080
44658
52339
19128
3128
80
46801
20183
40325
53281
20183
8888
32923
8080
8080
51625
47857
20183
55242
44797
53473
39235
54776
8080
39978
54321
31054
54418
8080
61136
53466
57689
45962
80
54632
41905
8888
43532
59026
41329
8888
8080
41258
51813
8080
61344
35521
31768
33721
58541
31433
8080
41258
36127
54566
40046
54214
8080
41438
42672
54974
48610
32733
48193
45699
49897
50797
53639
44003
59640
57228
41275
53247
23500
53916
61772
59339
54526
38740
52052
8080
8080
8080
39918
47855
8080
59247
54321
42940
51358
57719
52677
49265
3128
53281
46585
41360
42981
50729
40122
60423
51185
45777
8080
53462
41258
53173
3128
60164
55323
54570
57235
60001
58915
80
32231
34950
23500
20183
61546
53102
45542
54466
36242
44926
52828
53281
60378
40211
50739
61769
41879
37703
59145
37842
54321
38872
35123
42290
58410
8080
38989
51711
43336
34872
41733
35429
31282
8080
35670
32822
3128
51371
8080
57881
52021
8080
61427
52073
38669
60318
61180
52755
59010
57324
8080
53281
48733
32090
39129
49879
8888
45004
39481
3128
59932
32990
41338
8080
33147
6666
20183
47746
50604
38292
8080
55889
48851
56627
44428
80
35670
48246
49794
9001
36845
8080
53281
32231
59754
43821
52722
53281
8080
48449
37496
32231
45619
8080
49438
48434
39396
45326
56302
53281
55062
53597
32940
53281
8080
56118
32633
37357
8888
33405
33145
39084
55943
35572
60850
56369
54058
40207
8888
54161
53706
39282
8080
38803
45048
50242
55532
38761
8888
52767
8080
59318
80
8080
8080
49503
3129
34840
52027
51928
58461
55035
32857
40433
3128
45671
42805
52681
45710
34925
40749
47742
8080
53281
8080
80
61738
47959
39804
54784
55546
80
8888
61892
52033
58573
53281
36895
36381
45289
8080
8080
47188
47139
33239
34713
44373
56197
53281
36624
42999
3128
8888
48929
8080
41429
51654
55225
8080
48252
40454
80
36127
20183
8080
38308
44631
30765
36096
51877
8000
61657
59276
35215
57626
48321
33644
53281
61206
44805
39390
49063
52131
52115
54321
37322
9001
31336
52406
21213
52904
31458
36610
51936
48402
52219
61381
30199
37629
30651
46003
58335
57162
53925
443
33460
50740
43618
54544
80
8080
56541
8080
47315
1448
3128
30904
38927
41258
52002
53492
33573
56435
34696
54182
32602
47752
46499
38893
8080
8080
53584
8080
8080
60635
34337
45321
8080
48935
3128
53281
8181
30783
37754
59369
53281
61367
57333
48038
52641
35286
52473
60524
54445
52403
8080
31011
38433
54194
43012
58913
42087
58483
65205
45133
34857
3129
59031
37371
41654
39078
8080
50527
56152
48576
57136
58849
8080
53281
8080
44155
50027
8118
8080
48838
32231
31875
55909
58450
39677
49604
40758
56571
47525
37332
57259
8888
56796
49613
53281
47362
53281
38221
59247
59116
30458
59381
8080
39231
38519
33368
52360
53501
53501
43146
4550
8080
48753
61561
52043
23500
40137
41394
52436
52646
8080
33723
56891
49634
49981
80
8080
8080
47061
1080
50695
50744
59945
48875
8080
54143
44477
52796
8080
49923
35572
8080
45090
50241
56098
31109
3128
49134
30370
41258
41258
8080
55958
8888
36326
45155
53929
56322
50855
49307
30016
20183
38083
20183
32704
39563
37184
61567
59537
34871
32231
37451
52788
37234
43174
31344
3128
39451
23500
35057
8080
8080
43010
53281
43373
37874
55314
55706
23500
52215
39409
43349
8080
44784
8080
38246
8080
48089
60488
30221
38162
50160
48658
23500
33824
8080
40024
51707
53281
32110
54342
31082
8080
51501
36720
37046
60905
31961
58864
48683
31672
41258
30325
36754
47045
3128
54236
30334
61747
3128
32320
59933
8080
59156
38703
38017
8080
44480
8080
60734
39452
56515
40301
61103
53281
47384
46190
59953
35005
50613
54505
999
35386
30816
41258
53926
30743
42219
41234
61124
52132
44101
51295
51579
60347
21213
45311
50993
31798
36955
36329
8080
42882
47686
42525
43012
8080
38749
38965
8080
56904
30173
31714
57873
57945
44659
41258
3128
40653
48884
57919
52615
53281
56757
36855
59077
8080
36726
50046
37021
53281
33123
37770
3128
42020
41124
41085
42378
53281
47253
47412
30661
38191
31280
8080
57393
53281
39488
55679
8080
46612
37731
57495
40864
58427
80
80
61318
8080
35967
54060
41928
80
35056
8080
42658
35896
38331
56210
20183
58953
54321
35968
31070
60837
58671
32839
8080
59317
35873
8080
8195
61245
43078
32356
8080
56093
49076
8080
44669
61313
58652
47676
33776
8080
49485
52091
46277
999
34887
50728
31705
20183
53281
53281
47531
42919
41258
35423
34061
3128
36127
37001
21776
8080
60725
8080
31880
41258
21231
3128
55280
31196
8080
47899
8081
53281
1080
57294
21231
38322
56427
35474
58460
41098
52108
23500
44953
31146
8080
8080
51847
61046
36801
46101
49973
34951
61112
8080
58736
57414
51856
54093
36478
39375
52959
8080
53461
60809
58177
47474
34598
6666
46734
23500
8080
32640
57598
8888
49519
32856
50166
47637
56706
40677
8082
43423
43637
44262
3128
8080
8888
46881
8080
38994
61616
8080
58690
38952
51451
6969
8080
33724
55826
43118
59978
39557
8080
8080
808
37654
60770
41978
43894
37655
36895
56085
44747
55834
36142
42207
53281
31349
8888
3128
8888
40028
41933
33738
54321
32299
8080
20183
8195
33192
8080
53046
10010
39825
52236
42665
45271
41258
53281
30928
50114
34833
3128
52014
58090
57404
23500
8888
32509
3128
61637
3128
80
61639
45558
53271
21231
49408
41132
35854
49050
45611
31450
41183
53281
8080
44100
8080
45759
32606
54914
3128
54923
53706
8080
35176
60547
3128
40842
56527
8888
41258
59758
45150
48107
34746
50945
34118
37360
48017
41722
35212
80
40992
42259
31632
44061
46008
37235
8080
38710
53457
53618
49175
51451
53281
46778
41764
34053
45111
41875
51271
10080
8080
1448
38228
40998
8080
8080
56021
51449
40607
59364
53281
34263
41258
42153
39448
44108
36220
8080
49524
38789
45377
51116
53492
46655
55658
46615
51141
57402
45656
8080
42226
35206
52303
58547
54321
8888
35312
43092
35683
54570
39433
39752
3128
32231
8888
8080
32961
45919
8080
8080
38274
39142
30245
56032
42717
43936
42901
48163
52313
53281
39122
3128
60314
53281
55688
36665
60443
50733
31928
44679
38346
38380
49545
42651
34288
59400
8080
56837
53026
40803
20183
48807
40693
53314
47256
61398
55048
41456
38541
57276
59011
41409
44265
60621
45630
60545
31777
57959
61931
32231
31441
49882
8080
35223
32956
8081
50256
48564
61647
47771
41258
51604
54275
8080
40009
59702
54321
39417
52172
33701
8888
33734
30558
8080
58906
3128
42660
41258
48963
55097
36495
53538
33080
41158
30992
58421
47351
39201
58750
41102
36127
37806
55777
37925
31149
8181
41258
32381
8080
60118
52620
55933
50221
55922
31747
42694
33185
35572
8080
52225
36507
20183
47282
30763
58016
8888
52256
42390
31783
55369
8080
8080
47396
58532
41258
3128
54658
8888
37873
46208
52118
8080
46966
52438
51612
36480
60303
50310
51615
60261
61631
8080
49981
31377
8080
48580
3128
59720
4550
53773
53281
53281
47321
47885
59800
8080
60395
3128
8080
8080
36127
54321
8080
56634
80
54592
80
56840
39842
54624
34033
53281
41512
41418
42248
40387
37625
8080
80
8888
45443
55938
48232
52410
43740
44368
41600
3128
56838
44535
33719
8080
34776
8080
31047
54482
8080
32231
39403
43950
60464
30959
54625
60417
53281
48617
20183
41457
8080
53222
54397
45063
53880
59321
59956
53281
42916
80
36032
36407
48801
80
8080
45043
53281
43853
36127
47544
8888
42879
8080
30892
8080
45360
47405
61763
32266
8080
51837
32745
8080
3128
80
30386
59902
50249
53281
51560
8080
21231
36958
30601
53281
30829
54321
41344
59903
42353
12143
3128
53172
8080
53281
55376
21231
8080
58393
53455
35743
49577
38617
8888
53281
3128
59741
58544
8080
44829
55882
49400
37880
60153
41849
80
49123
3128
35890
8080
54321
48351
39880
36891
61431
8080
59441
36687
46451
32427
38884
53281
80
56359
43836
41542
55210
30664
61016
52426
57097
54321
44001
35539
57762
46371
51079
23500
53948
8080
32856
58452
52147
54265
31135
3128
30848
61860
54271
39442
31236
34369
8080
46563
57274
35199
80
32579
35140
36954
53281
8888
56899
59572
80
36127
48804
50648
58207
8080
3128
60788
45844
8080
32133
57722
3128
43346
55042
6666
57477
48774
57075
52081
61989
8080
53281
50816
35627
54358
47925
43737
50000
35465
8080
51740
8080
40454
37129
53281
47602
56868
48552
8080
60722
46599
41258
39345
35110
21213
8082
8080
43440
31566
49485
60702
39438
40185
38765
39031
37189
44141
58637
3128
61250
8080
38972
41719
8099
8080
30192
53242
51962
57044
60080
8888
61474
44709
60599
49943
41647
59575
46992
44004
46680
59289
8080
33899
47001
48552
60198
61661
54395
80
40628
8080
53281
59734
8080
32710
56727
3128
31363
8888
34507
49222
80
50304
82
36678
80
55782
30316
35531
37078
43640
48406
55134
36948
60398
52080
53281
8080
59307
38386
53855
47032
443
61627
8080
31636
8080
61465
3128
808
40548
8080
8080
41011
50346
36153
8080
35673
8080
52254
8080
8080
36127
80
39019
8888
53281
36399
31778
54714
34789
53131
56597
20183
8118
38935
35601
33883
51102
51555
60721
37968
60925
31544
61834
51408
54683
61634
53281
33497
32431
48205
47235
3128
50876
35984
8080
46101
52216
47805
44577
3128
83
60639
53281
57257
59786
59669
45085
30082
60265
33590
52461
35083
60556
47026
8080
38445
38638
8080
53205
8888
80
59792
47374
8080
23500
43880
49748
43372
44776
38171
40462
31868
58421
53281
48751
8080
48920
39155
47743
48540
46028
52435
52305
38258
55646
35649
31062
61065
80
38072
41496
54330
31762
54523
30854
33123
35197
21231
443
3128
30763
21776
3128
8080
34088
39220
44105
47986
46944
38043
8080
36087
8888
8080
59854
47948
40859
53281
8080
32661
8080
41985
59667
37370
8888
44185
46746
47305
55048
54773
52141
8080
53281
53281
53281
46860
34448
45953
35767
42376
53281
47958
45863
51636
40970
61130
3128
44724
56033
38275
41939
38465
41220
50484
43923
53977
8080
33867
8080
8080
55589
34513
31723
43531
36927
52712
36908
36255
60358
8888
20183
35687
32435
57121
53281
30192
8080
54321
8081
82
53281
39310
32127
80
55734
38074
8888
8888
46532
60766
54216
44624
40326
31549
35820
50383
31426
46863
48230
45890
40653
52720
37880
37666
32231
34388
58514
52305
38416
3128
39742
32281
42865
58466
36866
32087
3128
41258
53281
38687
8080
20183
8080
31679
61047
53041
49984
8080
55977
80
51122
53281
40532
42053
80
46915
55601
55500
54416
57147
8080
8080
57551
46441
42304
47798
34694
42429
49052
60519
8080
54315
50144
48212
48001
31447
48798
10010
51010
9000
48797
38901
58658
8080
60061
53281
57368
56059
53281
38987
8080
37990
8080
8080
41647
8080
42784
36799
34354
21776
8080
8080
6969
53511
41635
46657
58477
47220
49071
51653
8080
8118
49973
54175
42384
48666
54462
46323
8080
41674
44924
56137
41258
8181
50199
30249
53281
36921
53281
41411
9191
30030
37473
60325
43112
61928
47038
56531
8080
35174
55786
45769
41401
8080
55201
50185
10010
38834
37106
49550
60598
8080
50716
3128
38275
32087
59529
3128
80
54534
61017
47098
38320
8080
31610
33676
8080
23661
36127
43123
61884
52133
54760
54703
34517
45420
6666
55018
31578
36248
30381
48966
35566
8080
60493
38468
8080
52532
50448
46136
60841
54571
52653
45749
53281
8080
54275
31672
8080
58135
41258
47918
8080
45772
8888
8080
51567
54321
53281
53548
8080
31923
35717
40652
54361
31863
48004
50071
55054
48412
59120
45852
23500
53281
8080
8888
52857
55266
30188
36830
36743
8080
54321
60165
60512
32877
47517
36127
52043
30232
53998
48560
38918
32231
53810
43095
44045
57991
61777
42058
40711
53281
53281
34918
59356
32988
56425
40722
41236
6666
40604
33165
34263
30804
30216
57487
53638
41258
3128
9090
30575
49010
53281
20183
46860
36852
59810
52689
53281
60976
43251
50789
43497
59143
60228
30564
20183
61774
8080
8888
51851
38825
60221
44023
57063
21231
61641
8080
50600
8888
31723
8080
54341
35726
31997
8080
41981
51800
8080
47171
41258
8080
80
50673
38091
54321
8080
54080
38647
43663
8888
54321
54332
44441
42181
8080
44230
23500
3128
39163
34877
49358
42935
44012
42009
35428
30508
53667
38240
8080
3128
53281
55214
53281
55176
44417
8080
47032
52566
8080
8080
53503
51772
58084
55480
8888
35649
3128
36555
43159
8080
32231
59614
32213
48974
40186
34974
53281
56947
53281
31553
49129
31411
55486
52803
8080
8080
3128
31647
33083
8080
12153
50205
57067
58692
8080
8080
32231
53352
56976
53961
58884
31044
61292
36267
40766
39483
53281
3128
46527
48611
47867
46820
36127
36968
30903
61963
80
8080
808
61445
54547
33061
53281
38213
58349
30544
47032
43115
36208
8080
3128
49861
42521
38904
3128
45461
32724
31588
45194
8080
37890
8080
35131
50228
41597
53281
54146
8080
43160
37370
31365
59484
58997
59512
37764
49370
52493
43762
83
50303
82
56697
57433
8181
41736
8080
56168
39117
80
31830
32433
3128
61320
8080
35404
43714
35019
52564
37649
43092
60318
53015
53281
33660
37937
32514
45851
39732
61630
58664
41853
10010
47963
8080
39659
8090
32231
3128
53138
8080
53281
41258
8888
53281
44551
43207
48117
42527
8080
8080
9090
47488
58339
54321
8080
8080
46101
54321
8080
8080
32416
46434
58345
32270
55599
59765
40123
38531
48614
8080
53281
38346
30983
53281
41475
55791
38689
43916
47230
8080
53281
23500
45394
41677
56306
37078
54203
36556
30058
30116
35078
59259
33810
3128
49112
8080
30408
56565
52950
46530
49237
34314
21231
36102
3128
33259
46640
46271
43931
31280
40352
49143
8080
80
36363
49786
35168
8888
36116
8080
53281
52479
3128
8080
49139
35801
49110
60944
34563
32231
56430
31282
53676
60570
37503
10010
47142
54321
44837
61759
46122
61952
3128
40852
49345
57619
49661
8080
46534
8080
8080
47464
60493
51251
30065
49375
61465
54415
51767
41473
32911
40061
8080
38119
59316
58152
31830
56874
1204
47831
53281
58930
32356
32771
34170
53803
31552
36744
48078
60811
42459
32678
53281
42583
58602
55578
41258
51956
44034
8080
50989
52935
41258
32231
8080
39707
59565
56482
41384
37229
40204
45384
8080
39644
8080
8080
42377
37392
30517
56810
44383
35245
42833
31190
3128
44524
35750
52650
57117
42983
37398
36127
54939
8080
8080
35866
50883
41306
40606
36238
56021
59521
55343
55686
48532
41641
53281
8080
40966
8080
41581
59358
30625
51619
53895
54602
61649
32037
33318
42200
32575
42583
37343
52309
56276
59802
53281
48724
31398
58152
48823
53281
56384
60841
23500
52676
32115
443
58255
59228
23500
23500
81
3128
54174
33381
54074
8080
31144
53889
39442
51315
20183
56631
31407
31069
33500
30507
59893
35234
3128
51508
61285
41258
46530
30150
37829
45566
8080
36332
40332
41507
51483
47478
8686
53281
20183
44570
51472
23500
56344
54852
53082
8080
51769
8080
53281
44722
44375
36072
8080
53281
54545
34400
35462
8080
8888
80
47513
35854
34527
48478
8080
37760
34220
55398
58284
49897
49410
35693
54321
30320
47250
30400
8080
8080
50212
3128
49294
30864
53281
23500
61742
60226
30136
8080
41258
8080
80
53098
39641
8080
57003
8080
54877
34636
59058
39592
3128
54750
45018
40852
56462
33829
47257
40775
43507
8195
8888
80
46039
58830
48075
60726
36405
32668
30737
61300
53281
51886
36133
39825
31433
44266
30509
57917
60190
50441
31894
57284
47330
61516
8888
45135
55760
54040
61420
8888
8080
53281
59020
32638
8080
46250
60670
33715
45501
46214
51087
53981
8080
30247
39103
51646
32231
32529
53281
51361
53785
4550
32762
3128
32217
3128
40136
32677
47048
30082
3128
8080
8081
39921
33922
31910
8080
8080
8080
38382
53281
80
55102
46650
61984
58657
36308
47756
44112
61901
31707
44404
50914
3128
56955
46026
54472
43753
30626
53281
30341
999
57232
8888
40996
56274
37981
36908
41236
42033
44010
8080
3128
37148
8888
39531
46634
53281
1234
8080
8080
47437
3128
8080
46768
57975
8081
57101
3128
54357
35619
8080
54026
60389
8888
45306
8080
53281
41490
41525
46320
43795
23500
49901
8080
47012
40847
8080
61216
53281
40929
48251
34675
60216
43169
40802
44396
45495
8080
49903
36989
34845
47235
32288
23500
41911
58265
33322
53281
53358
52195
56583
56844
36191
59784
41307
57544
44295
54780
53297
8080
31923
53281
43020
8080
52958
37196
34696
8080
32367
33166
23500
53281
8080
49961
36957
55578
46341
8080
38875
8080
41884
8080
8080
60593
8080
60013
41104
54589
30264
44108
42239
48351
40080
31740
8080
51237
33306
46480
1448
3128
33840
53281
33529
61877
43605
58894
53281
8888
43357
46686
60511
54036
61721
32373
32000
41762
55759
80
40639
1448
8080
40247
61890
43637
53350
8080
47235
43522
46360
47971
61560
20183
43585
51880
8080
32106
45187
49952
32990
53281
36799
8080
43475
37358
39246
58236
42852
53183
8080
8080
39989
33103
41955
46110
43892
32231
50392
8888
49251
51751
34418
49480
42248
42524
53281
47872
45687
8181
43973
61823
49640
44195
39441
8080
41248
44770
59400
45384
8080
50387
42147
48002
47886
41431
42997
23500
8080
54629
56199
41258
60162
54412
53281
38187
46591
21231
59995
50559
33887
34694
53071
45704
3128
61061
44696
51201
8080
57044
48008
49384
42612
30206
37287
53281
53281
8080
41258
30228
32383
33565
32302
8080
52665
8080
8080
54585
37009
8080
35162
59806
56043
38371
3129
31613
35240
42043
53281
39153
34259
53281
39380
30048
44274
8080
56655
41879
8080
33452
3128
80
49656
54157
52477
35623
36172
36544
8080
47841
36110
31508
58927
49718
33922
80
33627
32398
41627
8010
8080
42623
42827
59042
54901
40908
40372
39610
50029
54128
8080
32194
59887
55834
53281
45393
43970
60626
44972
54758
31003
31681
8080
8888
49291
23500
4550
8080
8080
49168
46289
49729
50053
53281
53281
33130
40693
37564
32276
59725
40574
53990
39064
49113
50101
3128
48385
32494
39057
57738
40251
36223
55164
8854
37133
80
47568
52279
36867
53281
55898
33707
59201
30233
47279
8888
32165
52956
52999
39870
32604
8080
8080
59039
32465
49543
8080
37915
8080
3128
3128
38081
35487
61710
49676
8080
3128
53281
34979
39866
8888
35536
33480
44910
42397
61308
58805
3128
48188
48767
6689
8888
61089
43264
52254
44503
38826
8888
56006
31357
44187
36922
39265
52258
37709
8080
56070
3128
54156
32441
33691
60568
37928
32923
34762
61312
51648
50259
59325
51872
50587
53383
53281
53937
54321
39672
39528
8080
8080
43511
55861
38136
43610
8080
43952
8080
32532
51985
30773
32320
8080
39696
49313
37525
8080
8888
54547
57127
8888
49257
3128
30619
21776
35650
52818
23500
35572
44540
53525
49632
8080
48349
36456
53281
52465
33255
59403
54321
40042
40523
23500
43448
8080
8080
44331
40150
49467
51887
37744
30697
3128
8088
36140
41980
44917
54165
56549
8080
52398
8080
54375
3128
43592
61746
50322
51502
35134
44533
8080
8080
51438
58720
8888
32950
53281
80
41258
51580
45857
58774
31436
33774
8080
61222
10010
32519
53281
54245
45705
8118
57135
56296
57592
8080
54359
41258
31859
32231
36693
59961
52563
8080
23500
41218
38629
56389
52670
8080
31342
55730
37062
41041
8080
51390
56378
8888
44795
8888
53281
9595
57846
8080
23500
55870
8080
38260
56924
51338
55920
23500
57306
38765
51940
8888
49636
47460
53281
52255
51516
30959
32694
41445
3128
30996
38970
54263
54417
54217
43578
43135
8080
53281
33789
8888
8888
39343
31539
53471
50052
42731
8080
39828
50470
32935
53281
42513
51125
54399
40513
41111
55552
42069
39965
45799
20183
42282
60816
32231
39172
45658
56619
57537
37991
59111
41688
1448
41804
31100
54513
45521
53986
35337
8080
55725
61742
30061
44584
32431
443
54568
8080
40020
23500
32231
30980
52781
42714
44333
48409
59662
60081
31504
60459
8888
3128
8080
40664
8080
37484
38050
43468
80
45802
39123
8080
31658
50937
61447
8080
41258
8080
42991
8080
49842
39207
50373
443
56534
21231
38124
60381
47020
42002
54907
53523
38157
46063
50326
50057
30073
45564
42876
8888
8080
37090
48578
47724
55455
23500
61893
59078
35206
46880
50581
36127
53281
38261
49427
41258
37630
39927
31994
23500
55788
33754
37574
43017
60461
35226
33632
53404
42926
53281
53310
3128
48135
8888
47449
8080
33041
33387
46062
43920
8080
3128
46189
33962
52247
55606
8080
41569
8080
44788
4550
49534
55951
3128
31610
48033
59619
8080
43826
47475
40352
31510
35829
8080
57245
60977
52573
53281
53281
8080
3128
41258
31209
42462
59751
45350
59389
34264
61185
80
46144
8080
36890
51827
58070
32888
53281
58102
37286
8080
38452
20183
23500
48406
42568
53194
33636
45708
36734
53281
8080
45129
38977
43429
3128
8080
8888
43713
35884
8080
59744
3128
8080
8080
53723
57756
37209
3128
40109
52304
49765
8080
35431
35788
55686
56174
8080
49318
50502
34792
32836
8080
46455
60997
48398
53219
47343
56612
20183
44950
30032
41258
8080
56922
51556
52946
48704
8080
61251
59769
34456
8888
21213
41258
8080
51326
8080
40556
39564
8888
61514
51559
48301
57875
46258
30679
39617
3128
8080
8080
58103
60789
8080
56071
20183
36077
59262
34179
49372
38141
8080
53281
54322
8888
23500
39192
8080
53281
42202
8080
59520
41467
37429
57098
52887
37472
36699
35233
34224
56169
8888
34722
49723
40725
8080
20183
34046
8080
49269
31503
53315
8080
49703
31854
61331
41039
8080
41931
38492
41258
43470
39768
38029
8080
52254
34494
8888
8888
47651
32016
3128
35031
50882
47784
60584
37669
38096
30390
50405
42908
61823
41865
8080
80
41258
53281
30914
38836
8080
53281
47529
36542
41258
50829
34199
40365
42632
8080
8081
42007
8080
45533
21776
37054
8080
39968
38974
39057
34395
42872
32231
40129
58828
41258
58077
42015
8080
58021
34694
53380
8888
41989
80
40967
37113
41721
52890
61231
43178
53281
8080
8080
49189
31110
3128
48454
47162
32486
40561
3128
47417
51949
54279
50678
21231
60973
52329
80
53897
34513
3128
48613
8080
37266
50807
53235
61056
8080
36170
58452
37673
8080
53281
8080
37328
49391
8080
51810
47991
51489
21231
8195
38614
8080
34800
59515
23500
31558
39193
58353
34864
38563
41862
38765
53281
30870
55553
52495
38940
49753
49797
3128
51243
53944
31175
8080
52887
40445
50084
38878
54208
34765
8080
39730
41383
61358
8080
3128
59312
3128
54693
54885
53807
60575
58270
8080
54686
54321
8080
53281
61690
44911
50696
54376
31809
3128
49476
58455
32835
41258
44169
48157
34315
33465
58418
80
42724
37430
51678
37174
80
8080
57655
42225
53042
10010
36127
56660
46625
44331
54881
40814
44284
20183
61043
57418
55647
41258
3128
32582
8888
38921
8080
50643
61747
36600
53281
41258
54109
49029
60403
39794
53281
61935
52335
33190
58236
52230
3128
45725
37421
42229
21231
55548
36287
42860
61669
8080
34691
8080
58898
54321
32457
8080
3129
8080
53281
49297
39643
34958
43731
42744
8888
53281
23500
46020
8080
8080
23500
32232
53877
53281
36177
21776
36423
41424
44940
40580
55573
53281
55129
53281
53281
80
56685
60837
23500
48989
35111
50247
49870
53281
31605
80
44837
41250
57456
3128
36557
31676
55687
49153
8080
60985
30179
53232
61186
8888
36651
32685
61073
3128
32792
8080
59502
3128
61904
35446
30483
58633
8888
37412
61319
43007
37354
31800
21231
51361
8888
61983
37437
41258
60811
37672
8080
48376
46655
8080
8080
60338
59382
8888
36016
3128
46004
61560
60333
8080
56339
8080
51571
53281
31312
8080
48891
52414
52685
40793
47867
58183
30322
56204
37617
50998
41249
39339
49653
8080
40336
3128
8080
57182
35833
37524
8080
49804
52226
8080
54891
45803
53281
52378
41443
41258
21776
44026
49013
44677
8080
3128
31836
8080
44185
8080
48075
31047
8888
54130
30991
46111
8888
8888
55367
32231
61053
56868
36489
37959
50499
37065
3128
47043
60879
53281
58627
40893
42742
45533
44855
57882
49007
49102
45463
50542
41460
41167
51281
38740
57025
39229
3128
37617
33595
41294
49636
53281
53281
36564
45569
8080
52023
30348
53281
58823
57921
61913
47826
30251
21776
44684
49218
3128
8888
45769
21231
41198
8080
33537
40251
8080
8080
37479
58737
60072
43611
80
51206
8080
43227
12173
32231
32276
8888
40178
33928
8888
3000
44395
32231
3128
38153
61463
50170
50682
44002
34855
42847
40151
49113
57130
40228
41132
32085
3128
50478
20183
34357
55883
57828
50559
80
41258
48211
52051
8080
33055
52365
47939
8888
53271
38824
8080
35775
52057
45965
55257
38900
30051
41258
8080
40295
51901
8888
40184
36127
30677
3128
8080
38965
8080
50764
50683
52266
8888
41787
54676
8080
32231
37025
34590
53209
30156
49898
60820
36127
8888
51861
41444
53281
43463
46864
3128
54262
40789
32598
45032
34997
32893
40116
40180
37918
59079
47329
6666
80
51681
30020
55411
46780
3128
40711
33784
57290
45633
80
3128
40420
37010
8080
30632
9090
40928
60742
51700
46152
53281
49466
54886
55960
59935
38457
50718
44479
33962
48030
33071
5836
40369
57727
40852
3128
52141
51032
32406
36828
60990
3128
42006
38598
47274
41141
31431
36172
33514
34718
33124
32013
59588
52474
42463
52335
42667
31954
38082
30465
36127
36225
35655
41876
32435
12354
20183
40154
46653
46981
54321
41762
49350
40061
32183
23456
41258
42544
52288
47985
38094
3128
56676
56013
60251
55076
46440
55965
33490
53419
34492
8080
47450
60336
53281
39595
42683
8080
48782
45969
55174
31597
3128
44434
32231
37529
3128
61340
50444
42293
8080
53045
41230
8080
35668
61175
83
33299
58928
36869
45423
8888
8080
32231
8080
21776
47997
8080
53060
54717
55531
56022
45747
3128
999
8080
9999
45668
8080
3128
30804
36548
8080
20183
54157
8080
61451
8080
40854
44353
8080
37016
42298
34166
80
53281
43133
48281
33092
54329
57426
40433
9999
43811
53055
8888
3128
1080
55425
8080
23500
44795
8080
8080
8080
38520
47877
8080
8080
38883
37631
8080
39793
8080
3128
3128
37551
31649